echo '-matrix  "s001-A 6kxn-B  U(1,.)  -0.436367  0.850855  0.292624          -14.144396"
-matrix  "s001-A 6kxn-B  U(2,.)   0.881272  0.469767 -0.051757           34.157837"
-matrix  "s001-A 6kxn-B  U(3,.)  -0.181503  0.235297 -0.954826          -14.675586"' |
    /usr/sness/DaliLite.v5/bin/applymatrix.pl pdb/pdb6kxn.ent > trans/6kxn-B.pdb
echo '-matrix  "s001-A 6kxl-B  U(1,.)  -0.441852  0.855797  0.269032          -14.276574"
-matrix  "s001-A 6kxl-B  U(2,.)   0.879362  0.472508 -0.058815           33.624260"
-matrix  "s001-A 6kxl-B  U(3,.)  -0.177454  0.210589 -0.961334          -14.485012"' |
    /usr/sness/DaliLite.v5/bin/applymatrix.pl pdb/pdb6kxl.ent > trans/6kxl-B.pdb
echo '-matrix  "s001-A 6kxl-A  U(1,.)   0.536215  0.838107 -0.100248           24.410288"
-matrix  "s001-A 6kxl-A  U(2,.)  -0.825688  0.545477  0.143857          -27.280922"
-matrix  "s001-A 6kxl-A  U(3,.)   0.175251  0.005635  0.984508          -30.151352"' |
    /usr/sness/DaliLite.v5/bin/applymatrix.pl pdb/pdb6kxl.ent > trans/6kxl-A.pdb
echo '-matrix  "s001-A 6kxn-A  U(1,.)   0.527008  0.843735 -0.101852           24.889462"
-matrix  "s001-A 6kxn-A  U(2,.)  -0.829765  0.536745  0.152954          -27.318806"
-matrix  "s001-A 6kxn-A  U(3,.)   0.183721  0.003906  0.982971          -29.558270"' |
    /usr/sness/DaliLite.v5/bin/applymatrix.pl pdb/pdb6kxn.ent > trans/6kxn-A.pdb
echo '-matrix  "s001-A 6kxm-B  U(1,.)  -0.436158 -0.850131 -0.295032          -13.980426"
-matrix  "s001-A 6kxm-B  U(2,.)   0.880766 -0.470501  0.053669           33.940563"
-matrix  "s001-A 6kxm-B  U(3,.)  -0.184438 -0.236446  0.953979          -14.840924"' |
    /usr/sness/DaliLite.v5/bin/applymatrix.pl pdb/pdb6kxm.ent > trans/6kxm-B.pdb
echo '-matrix  "s001-A 6kst-A  U(1,.)   0.524243 -0.845177  0.104141           25.006880"
-matrix  "s001-A 6kst-A  U(2,.)  -0.831314 -0.534446 -0.152595          -27.244398"
-matrix  "s001-A 6kst-A  U(3,.)   0.184627 -0.006577 -0.982787          -29.509750"' |
    /usr/sness/DaliLite.v5/bin/applymatrix.pl pdb/pdb6kst.ent > trans/6kst-A.pdb
echo '-matrix  "s001-A 6kst-B  U(1,.)  -0.435983 -0.847680 -0.302255          -13.993063"
-matrix  "s001-A 6kst-B  U(2,.)   0.880830 -0.470802  0.049837           33.931667"
-matrix  "s001-A 6kst-B  U(3,.)  -0.184548 -0.244507  0.951924          -14.730077"' |
    /usr/sness/DaliLite.v5/bin/applymatrix.pl pdb/pdb6kst.ent > trans/6kst-B.pdb
echo '-matrix  "s001-A 6kxm-A  U(1,.)   0.533211 -0.839750  0.102498           25.001095"
-matrix  "s001-A 6kxm-A  U(2,.)  -0.825879 -0.542961 -0.152046          -27.212152"
-matrix  "s001-A 6kxm-A  U(3,.)   0.183333 -0.003578 -0.983044          -29.802481"' |
    /usr/sness/DaliLite.v5/bin/applymatrix.pl pdb/pdb6kxm.ent > trans/6kxm-A.pdb
echo '-matrix  "s001-A 5gzt-B  U(1,.)   0.438446  0.848316 -0.296859          -24.523317"
-matrix  "s001-A 5gzt-B  U(2,.)  -0.894300  0.444641 -0.050214          -29.488567"
-matrix  "s001-A 5gzt-B  U(3,.)   0.089398  0.287497  0.953600           10.270307"' |
    /usr/sness/DaliLite.v5/bin/applymatrix.pl pdb/pdb5gzt.ent > trans/5gzt-B.pdb
echo '-matrix  "s001-A 3g6m-A  U(1,.)  -0.048950 -0.964677 -0.258849           15.719324"
-matrix  "s001-A 3g6m-A  U(2,.)   0.987288 -0.085968  0.133683          -15.333535"
-matrix  "s001-A 3g6m-A  U(3,.)  -0.151214 -0.249014  0.956622           -7.708857"' |
    /usr/sness/DaliLite.v5/bin/applymatrix.pl pdb/pdb3g6m.ent > trans/3g6m-A.pdb
echo '-matrix  "s001-A 6ylj-A  U(1,.)  -0.375118  0.578642  0.724196           11.395079"
-matrix  "s001-A 6ylj-A  U(2,.)  -0.925936 -0.270914 -0.263151          -37.669373"
-matrix  "s001-A 6ylj-A  U(3,.)   0.043924 -0.769272  0.637410           13.399419"' |
    /usr/sness/DaliLite.v5/bin/applymatrix.pl pdb/pdb6ylj.ent > trans/6ylj-A.pdb
echo '-matrix  "s001-A 6yn4-A  U(1,.)  -0.377213  0.591270  0.712819           11.132161"
-matrix  "s001-A 6yn4-A  U(2,.)  -0.925830 -0.260221 -0.274087          -37.649834"
-matrix  "s001-A 6yn4-A  U(3,.)   0.023431 -0.763338  0.645574           12.903208"' |
    /usr/sness/DaliLite.v5/bin/applymatrix.pl pdb/pdb6yn4.ent > trans/6yn4-A.pdb
echo '-matrix  "s001-A 7akq-A  U(1,.)  -0.377425  0.588756  0.714785           11.075992"
-matrix  "s001-A 7akq-A  U(2,.)  -0.925484 -0.266573 -0.269108          -37.490917"
-matrix  "s001-A 7akq-A  U(3,.)   0.032103 -0.763090  0.645495           13.023906"' |
    /usr/sness/DaliLite.v5/bin/applymatrix.pl pdb/pdb7akq.ent > trans/7akq-A.pdb
echo '-matrix  "s001-A 6epb-A  U(1,.)  -0.377662  0.591168  0.712665           11.142930"
-matrix  "s001-A 6epb-A  U(2,.)  -0.925521 -0.264255 -0.271257          -37.666313"
-matrix  "s001-A 6epb-A  U(3,.)   0.027966 -0.762030  0.646937           13.142441"' |
    /usr/sness/DaliLite.v5/bin/applymatrix.pl pdb/pdb6epb.ent > trans/6epb-A.pdb
echo '-matrix  "s001-A 1hkk-A  U(1,.)   0.324379  0.713120 -0.621481          -41.190247"
-matrix  "s001-A 1hkk-A  U(2,.)  -0.944279  0.282880 -0.168272          -14.132071"
-matrix  "s001-A 1hkk-A  U(3,.)   0.055806  0.641435  0.765145          -50.945129"' |
    /usr/sness/DaliLite.v5/bin/applymatrix.pl pdb/pdb1hkk.ent > trans/1hkk-A.pdb
echo '-matrix  "s001-A 1lg2-A  U(1,.)   0.938261 -0.132860  0.319397           -2.171944"
-matrix  "s001-A 1lg2-A  U(2,.)   0.302886 -0.130510 -0.944048           13.302173"
-matrix  "s001-A 1lg2-A  U(3,.)   0.167111  0.982505 -0.082211           -2.885364"' |
    /usr/sness/DaliLite.v5/bin/applymatrix.pl pdb/pdb1lg2.ent > trans/1lg2-A.pdb
echo '-matrix  "s001-A 1vf8-A  U(1,.)   0.906764  0.386704  0.168043          -34.852852"
-matrix  "s001-A 1vf8-A  U(2,.)  -0.107616  0.597608 -0.794533            4.994374"
-matrix  "s001-A 1vf8-A  U(3,.)  -0.407673  0.702370  0.583505           -1.971455"' |
    /usr/sness/DaliLite.v5/bin/applymatrix.pl pdb/pdb1vf8.ent > trans/1vf8-A.pdb
echo '-matrix  "s001-A 2ybu-B  U(1,.)   0.731816 -0.553401  0.397735           30.750078"
-matrix  "s001-A 2ybu-B  U(2,.)   0.497811  0.832664  0.242602           17.933210"
-matrix  "s001-A 2ybu-B  U(3,.)  -0.465436  0.020456  0.884845           51.848000"' |
    /usr/sness/DaliLite.v5/bin/applymatrix.pl pdb/pdb2ybu.ent > trans/2ybu-B.pdb
echo '-matrix  "s001-A 3fy1-B  U(1,.)   0.554731 -0.831568  0.027714           46.242188"
-matrix  "s001-A 3fy1-B  U(2,.)  -0.308409 -0.174573  0.935098          -37.579994"
-matrix  "s001-A 3fy1-B  U(3,.)  -0.772759 -0.527275 -0.353304           32.546085"' |
    /usr/sness/DaliLite.v5/bin/applymatrix.pl pdb/pdb3fy1.ent > trans/3fy1-B.pdb
echo '-matrix  "s001-A 2ybu-A  U(1,.)  -0.346452  0.571703 -0.743725            5.427264"
-matrix  "s001-A 2ybu-A  U(2,.)  -0.233399 -0.820429 -0.521940          -42.430851"
-matrix  "s001-A 2ybu-A  U(3,.)  -0.908568 -0.007242  0.417674           32.482906"' |
    /usr/sness/DaliLite.v5/bin/applymatrix.pl pdb/pdb2ybu.ent > trans/2ybu-A.pdb
echo '-matrix  "s001-A 2ybu-C  U(1,.)   0.255781  0.698706 -0.668121          -68.726151"
-matrix  "s001-A 2ybu-C  U(2,.)  -0.717350 -0.326119 -0.615675          -75.163376"
-matrix  "s001-A 2ybu-C  U(3,.)  -0.648063  0.636755  0.417802           23.324177"' |
    /usr/sness/DaliLite.v5/bin/applymatrix.pl pdb/pdb2ybu.ent > trans/2ybu-C.pdb
echo '-matrix  "s001-A 3rm4-A  U(1,.)   0.557450 -0.829875  0.023619           10.883466"
-matrix  "s001-A 3rm4-A  U(2,.)  -0.303250 -0.177053  0.936318           13.906833"
-matrix  "s001-A 3rm4-A  U(3,.)  -0.772845 -0.529113 -0.350358          -13.186441"' |
    /usr/sness/DaliLite.v5/bin/applymatrix.pl pdb/pdb3rm4.ent > trans/3rm4-A.pdb
echo '-matrix  "s001-A 3rm8-B  U(1,.)   0.552594 -0.832552  0.038691           45.890167"
-matrix  "s001-A 3rm8-B  U(2,.)  -0.316375 -0.166589  0.933892          -37.652962"
-matrix  "s001-A 3rm8-B  U(3,.)  -0.771069 -0.528304 -0.355455           32.570683"' |
    /usr/sness/DaliLite.v5/bin/applymatrix.pl pdb/pdb3rm8.ent > trans/3rm8-B.pdb
echo '-matrix  "s001-A 1hkm-A  U(1,.)   0.345742  0.700188 -0.624660          -39.128208"
-matrix  "s001-A 1hkm-A  U(2,.)  -0.937369  0.287852 -0.196167          -13.966608"
-matrix  "s001-A 1hkm-A  U(3,.)   0.042456  0.653360  0.755856          -51.500587"' |
    /usr/sness/DaliLite.v5/bin/applymatrix.pl pdb/pdb1hkm.ent > trans/1hkm-A.pdb
echo '-matrix  "s001-A 4wjx-A  U(1,.)   0.697447 -0.177391  0.694335          -67.254982"
-matrix  "s001-A 4wjx-A  U(2,.)  -0.647406 -0.571426  0.504318           64.863525"
-matrix  "s001-A 4wjx-A  U(3,.)   0.307300 -0.801252 -0.513383           -2.111801"' |
    /usr/sness/DaliLite.v5/bin/applymatrix.pl pdb/pdb4wjx.ent > trans/4wjx-A.pdb
echo '-matrix  "s001-A 2ybu-E  U(1,.)   0.668785  0.696351  0.260428           62.392067"
-matrix  "s001-A 2ybu-E  U(2,.)   0.607554 -0.310012 -0.731281         -100.295128"
-matrix  "s001-A 2ybu-E  U(3,.)  -0.428492  0.647293 -0.630402          -71.571098"' |
    /usr/sness/DaliLite.v5/bin/applymatrix.pl pdb/pdb2ybu.ent > trans/2ybu-E.pdb
echo '-matrix  "s001-A 3rme-B  U(1,.)   0.559092 -0.828732  0.024894           46.413731"
-matrix  "s001-A 3rme-B  U(2,.)  -0.303764 -0.176808  0.936198          -37.456226"
-matrix  "s001-A 3rme-B  U(3,.)  -0.771456 -0.530982 -0.350591           32.700310"' |
    /usr/sness/DaliLite.v5/bin/applymatrix.pl pdb/pdb3rme.ent > trans/3rme-B.pdb
echo '-matrix  "s001-A 1nwt-A  U(1,.)   0.425179 -0.839565 -0.338163           -2.426301"
-matrix  "s001-A 1nwt-A  U(2,.)   0.882762  0.302141  0.359780          -43.603996"
-matrix  "s001-A 1nwt-A  U(3,.)  -0.199886 -0.451489  0.869600          -30.787212"' |
    /usr/sness/DaliLite.v5/bin/applymatrix.pl pdb/pdb1nwt.ent > trans/1nwt-A.pdb
echo '-matrix  "s001-A 3rm9-B  U(1,.)  -0.552487  0.832713  0.036698           28.741320"
-matrix  "s001-A 3rm9-B  U(2,.)   0.318475  0.170204  0.932526            3.505281"
-matrix  "s001-A 3rm9-B  U(3,.)   0.770280  0.526896 -0.359234          -38.042469"' |
    /usr/sness/DaliLite.v5/bin/applymatrix.pl pdb/pdb3rm9.ent > trans/3rm9-B.pdb
echo '-matrix  "s001-A 4wkh-A  U(1,.)   0.696642 -0.176401  0.695393          -67.089127"
-matrix  "s001-A 4wkh-A  U(2,.)  -0.647872 -0.571016  0.504185           64.750389"
-matrix  "s001-A 4wkh-A  U(3,.)   0.308142 -0.801763 -0.512080           -2.229510"' |
    /usr/sness/DaliLite.v5/bin/applymatrix.pl pdb/pdb4wkh.ent > trans/4wkh-A.pdb
echo '-matrix  "s001-A 1nwt-C  U(1,.)  -0.501185 -0.788621  0.356217           38.523346"
-matrix  "s001-A 1nwt-C  U(2,.)  -0.852756  0.380162 -0.358167           29.015234"
-matrix  "s001-A 1nwt-C  U(3,.)   0.147037 -0.483274 -0.863033           92.616814"' |
    /usr/sness/DaliLite.v5/bin/applymatrix.pl pdb/pdb1nwt.ent > trans/1nwt-C.pdb
echo '-matrix  "s001-A 1nwt-D  U(1,.)  -0.405049  0.850861 -0.334620          -30.593714"
-matrix  "s001-A 1nwt-D  U(2,.)  -0.890324 -0.283807  0.356058           31.189257"
-matrix  "s001-A 1nwt-D  U(3,.)   0.207989  0.442141  0.872498          -74.113281"' |
    /usr/sness/DaliLite.v5/bin/applymatrix.pl pdb/pdb1nwt.ent > trans/1nwt-D.pdb
echo '-matrix  "s001-A 1wb0-A  U(1,.)   0.196840  0.904515 -0.378294            8.755523"
-matrix  "s001-A 1wb0-A  U(2,.)   0.173668 -0.411908 -0.894523            5.960378"
-matrix  "s001-A 1wb0-A  U(3,.)  -0.964932  0.110380 -0.238166           10.047740"' |
    /usr/sness/DaliLite.v5/bin/applymatrix.pl pdb/pdb1wb0.ent > trans/1wb0-A.pdb
echo '-matrix  "s001-A 1hkj-A  U(1,.)   0.345505  0.700307 -0.624658          -39.226536"
-matrix  "s001-A 1hkj-A  U(2,.)  -0.937493  0.287116 -0.196650          -13.920238"
-matrix  "s001-A 1hkj-A  U(3,.)   0.041634  0.653556  0.755733          -51.575195"' |
    /usr/sness/DaliLite.v5/bin/applymatrix.pl pdb/pdb1hkj.ent > trans/1hkj-A.pdb
echo '-matrix  "s001-A 3rm4-B  U(1,.)  -0.574879 -0.813653  0.086502           11.352063"
-matrix  "s001-A 3rm4-B  U(2,.)   0.312983 -0.316342 -0.895527            4.278137"
-matrix  "s001-A 3rm4-B  U(3,.)   0.756013 -0.487747  0.436518           -9.568768"' |
    /usr/sness/DaliLite.v5/bin/applymatrix.pl pdb/pdb3rm4.ent > trans/3rm4-B.pdb
echo '-matrix  "s001-A 4wk9-A  U(1,.)   0.699799 -0.177506  0.691935          -67.304176"
-matrix  "s001-A 4wk9-A  U(2,.)  -0.645441 -0.572166  0.505996           64.735786"
-matrix  "s001-A 4wk9-A  U(3,.)   0.306085 -0.800698 -0.514971           -1.917321"' |
    /usr/sness/DaliLite.v5/bin/applymatrix.pl pdb/pdb4wk9.ent > trans/4wk9-A.pdb
echo '-matrix  "s001-A 2ybt-B  U(1,.)   0.731466 -0.555557  0.395366           30.752022"
-matrix  "s001-A 2ybt-B  U(2,.)   0.501340  0.831178  0.240420           17.875748"
-matrix  "s001-A 2ybt-B  U(3,.)  -0.462186  0.022354  0.886501           52.393478"' |
    /usr/sness/DaliLite.v5/bin/applymatrix.pl pdb/pdb2ybt.ent > trans/2ybt-B.pdb
echo '-matrix  "s001-A 1nwt-B  U(1,.)  -0.805883  0.480040  0.346574          -33.414303"
-matrix  "s001-A 1nwt-B  U(2,.)   0.357211  0.861025 -0.361990          -11.473101"
-matrix  "s001-A 1nwt-B  U(3,.)  -0.472179 -0.167922 -0.865361           46.680595"' |
    /usr/sness/DaliLite.v5/bin/applymatrix.pl pdb/pdb1nwt.ent > trans/1nwt-B.pdb
echo '-matrix  "s001-A 5xep-B  U(1,.)  -0.964558 -0.236361 -0.117305           59.820332"
-matrix  "s001-A 5xep-B  U(2,.)   0.120378 -0.789762  0.601485           56.638435"
-matrix  "s001-A 5xep-B  U(3,.)  -0.234811  0.566047  0.790225          -81.498268"' |
    /usr/sness/DaliLite.v5/bin/applymatrix.pl pdb/pdb5xep.ent > trans/5xep-B.pdb
echo '-matrix  "s001-A 1nwu-B  U(1,.)  -0.806980  0.479869  0.344251          -33.242245"
-matrix  "s001-A 1nwu-B  U(2,.)   0.355321  0.860105 -0.366014          -11.294176"
-matrix  "s001-A 1nwu-B  U(3,.)  -0.471731 -0.173047 -0.864595           46.795551"' |
    /usr/sness/DaliLite.v5/bin/applymatrix.pl pdb/pdb1nwu.ent > trans/1nwu-B.pdb
echo '-matrix  "s001-A 1nwu-C  U(1,.)  -0.501170 -0.789534  0.354210           38.941994"
-matrix  "s001-A 1nwu-C  U(2,.)  -0.852205  0.379245 -0.360444           29.300533"
-matrix  "s001-A 1nwu-C  U(3,.)   0.150250 -0.482504 -0.862911           92.700897"' |
    /usr/sness/DaliLite.v5/bin/applymatrix.pl pdb/pdb1nwu.ent > trans/1nwu-C.pdb
echo '-matrix  "s001-A 1nwu-D  U(1,.)  -0.404421  0.851258 -0.334372          -30.811857"
-matrix  "s001-A 1nwu-D  U(2,.)  -0.890457 -0.283094  0.356291           31.310347"
-matrix  "s001-A 1nwu-D  U(3,.)   0.208637  0.441836  0.872497          -74.250526"' |
    /usr/sness/DaliLite.v5/bin/applymatrix.pl pdb/pdb1nwu.ent > trans/1nwu-D.pdb
echo '-matrix  "s001-A 6jk6-A  U(1,.)   0.749939 -0.091720 -0.655117           23.771503"
-matrix  "s001-A 6jk6-A  U(2,.)  -0.061699  0.976325 -0.207321          -34.685440"
-matrix  "s001-A 6jk6-A  U(3,.)   0.658623  0.195898  0.726525           -7.006915"' |
    /usr/sness/DaliLite.v5/bin/applymatrix.pl pdb/pdb6jk6.ent > trans/6jk6-A.pdb
echo '-matrix  "s001-A 4wka-A  U(1,.)   0.688263 -0.162370  0.707057           -8.812268"
-matrix  "s001-A 4wka-A  U(2,.)  -0.644289 -0.584779  0.492874            9.943223"
-matrix  "s001-A 4wka-A  U(3,.)   0.333445 -0.794776 -0.507095           23.151066"' |
    /usr/sness/DaliLite.v5/bin/applymatrix.pl pdb/pdb4wka.ent > trans/4wka-A.pdb
echo '-matrix  "s001-A 2ybt-A  U(1,.)  -0.343653  0.567692 -0.748083            4.836174"
-matrix  "s001-A 2ybt-A  U(2,.)  -0.234355 -0.823237 -0.517067          -42.384399"
-matrix  "s001-A 2ybt-A  U(3,.)  -0.909384 -0.002375  0.415950           32.808601"' |
    /usr/sness/DaliLite.v5/bin/applymatrix.pl pdb/pdb2ybt.ent > trans/2ybt-A.pdb
echo '-matrix  "s001-A 3rme-A  U(1,.)  -0.574518 -0.813572  0.089608           42.153164"
-matrix  "s001-A 3rme-A  U(2,.)   0.310811 -0.318133 -0.895650           75.051102"
-matrix  "s001-A 3rme-A  U(3,.)   0.757183 -0.486715  0.435640          -15.252705"' |
    /usr/sness/DaliLite.v5/bin/applymatrix.pl pdb/pdb3rme.ent > trans/3rme-A.pdb
echo '-matrix  "s001-A 3fy1-A  U(1,.)  -0.577694 -0.810402  0.097556           41.334652"
-matrix  "s001-A 3fy1-A  U(2,.)   0.308870 -0.327663 -0.892881           75.521042"
-matrix  "s001-A 3fy1-A  U(3,.)   0.755559 -0.485680  0.439597          -15.607143"' |
    /usr/sness/DaliLite.v5/bin/applymatrix.pl pdb/pdb3fy1.ent > trans/3fy1-A.pdb
echo '-matrix  "s001-A 2ybu-D  U(1,.)  -0.981958 -0.135373 -0.132035           24.844673"
-matrix  "s001-A 2ybu-D  U(2,.)  -0.166231  0.950799  0.261436           63.171867"
-matrix  "s001-A 2ybu-D  U(3,.)   0.090148  0.278668 -0.956147          -50.339962"' |
    /usr/sness/DaliLite.v5/bin/applymatrix.pl pdb/pdb2ybu.ent > trans/2ybu-D.pdb
echo '-matrix  "s001-A 2ybt-C  U(1,.)   0.260357  0.694186 -0.671059          -69.245125"
-matrix  "s001-A 2ybt-C  U(2,.)  -0.717962 -0.325510 -0.615283          -75.422173"
-matrix  "s001-A 2ybt-C  U(3,.)  -0.645557  0.641988  0.413650           23.219303"' |
    /usr/sness/DaliLite.v5/bin/applymatrix.pl pdb/pdb2ybt.ent > trans/2ybt-C.pdb
echo '-matrix  "s001-A 2ybu-F  U(1,.)   0.088234  0.135769  0.986804           75.409889"
-matrix  "s001-A 2ybu-F  U(2,.)  -0.252968 -0.955134  0.154031           23.983099"
-matrix  "s001-A 2ybu-F  U(3,.)   0.963443 -0.263220 -0.049930          -24.741642"' |
    /usr/sness/DaliLite.v5/bin/applymatrix.pl pdb/pdb2ybu.ent > trans/2ybu-F.pdb
echo '-matrix  "s001-A 5xep-E  U(1,.)  -0.675841 -0.616718  0.403606           19.029156"
-matrix  "s001-A 5xep-E  U(2,.)  -0.647327  0.234823 -0.725138           62.648693"
-matrix  "s001-A 5xep-E  U(3,.)   0.352430 -0.751343 -0.557921           68.811310"' |
    /usr/sness/DaliLite.v5/bin/applymatrix.pl pdb/pdb5xep.ent > trans/5xep-E.pdb
echo '-matrix  "s001-A 5xep-F  U(1,.)  -0.256539  0.964226  0.066753          -49.276276"
-matrix  "s001-A 5xep-F  U(2,.)   0.507450  0.193147 -0.839755           65.396393"
-matrix  "s001-A 5xep-F  U(3,.)  -0.822607 -0.181556 -0.538847           42.132847"' |
    /usr/sness/DaliLite.v5/bin/applymatrix.pl pdb/pdb5xep.ent > trans/5xep-F.pdb
echo '-matrix  "s001-A 3rm9-A  U(1,.)   0.576703  0.811921  0.090536           -6.980983"
-matrix  "s001-A 3rm9-A  U(2,.)  -0.315502  0.323571 -0.892054           14.298663"
-matrix  "s001-A 3rm9-A  U(3,.)  -0.753573  0.485886  0.442767           14.512007"' |
    /usr/sness/DaliLite.v5/bin/applymatrix.pl pdb/pdb3rm9.ent > trans/3rm9-A.pdb
echo '-matrix  "s001-A 4wkf-A  U(1,.)   0.688044 -0.178993  0.703247          -66.995590"
-matrix  "s001-A 4wkf-A  U(2,.)  -0.653143 -0.575060  0.492657           65.442490"
-matrix  "s001-A 4wkf-A  U(3,.)   0.316227 -0.798291 -0.512574           -3.532536"' |
    /usr/sness/DaliLite.v5/bin/applymatrix.pl pdb/pdb4wkf.ent > trans/4wkf-A.pdb
echo '-matrix  "s001-A 3rm8-A  U(1,.)  -0.576671 -0.812019  0.089871           42.007603"
-matrix  "s001-A 3rm8-A  U(2,.)   0.312763 -0.321051 -0.893927           74.784828"
-matrix  "s001-A 3rm8-A  U(3,.)   0.754739 -0.487393  0.439110          -15.311493"' |
    /usr/sness/DaliLite.v5/bin/applymatrix.pl pdb/pdb3rm8.ent > trans/3rm8-A.pdb
echo '-matrix  "s001-A 1nwu-A  U(1,.)   0.427774 -0.838657 -0.337141           -2.646757"
-matrix  "s001-A 1nwu-A  U(2,.)   0.881075  0.303621  0.362659          -43.587143"
-matrix  "s001-A 1nwu-A  U(3,.)  -0.201783 -0.452183  0.868801          -30.624443"' |
    /usr/sness/DaliLite.v5/bin/applymatrix.pl pdb/pdb1nwu.ent > trans/1nwu-A.pdb
echo '-matrix  "s001-A 1ll4-C  U(1,.)  -0.490364 -0.293531  0.820599          -22.319517"
-matrix  "s001-A 1ll4-C  U(2,.)   0.691775 -0.703791  0.161634           -3.967379"
-matrix  "s001-A 1ll4-C  U(3,.)   0.530086  0.646929  0.548171         -120.660751"' |
    /usr/sness/DaliLite.v5/bin/applymatrix.pl pdb/pdb1ll4.ent > trans/1ll4-C.pdb
echo '-matrix  "s001-A 2ybt-E  U(1,.)   0.670035  0.694823  0.261293           62.803211"
-matrix  "s001-A 2ybt-E  U(2,.)   0.608040 -0.311779 -0.730124         -100.516541"
-matrix  "s001-A 2ybt-E  U(3,.)  -0.425841  0.648085 -0.631383          -71.939323"' |
    /usr/sness/DaliLite.v5/bin/applymatrix.pl pdb/pdb2ybt.ent > trans/2ybt-E.pdb
echo '-matrix  "s001-A 6jjr-A  U(1,.)   0.699737  0.699808 -0.143657          -23.429703"
-matrix  "s001-A 6jjr-A  U(2,.)   0.532453 -0.644938 -0.548223           42.996284"
-matrix  "s001-A 6jjr-A  U(3,.)  -0.476301  0.307121 -0.823902          130.778214"' |
    /usr/sness/DaliLite.v5/bin/applymatrix.pl pdb/pdb6jjr.ent > trans/6jjr-A.pdb
echo '-matrix  "s001-A 5wsj-A  U(1,.)   0.978033  0.144133  0.150591          -12.545712"
-matrix  "s001-A 5wsj-A  U(2,.)  -0.141439  0.989536 -0.028509           -0.352111"
-matrix  "s001-A 5wsj-A  U(3,.)  -0.153124  0.006584  0.988185            6.541608"' |
    /usr/sness/DaliLite.v5/bin/applymatrix.pl pdb/pdb5wsj.ent > trans/5wsj-A.pdb
echo '-matrix  "s001-A 6ze8-A  U(1,.)  -0.633192  0.714673 -0.297171           17.005611"
-matrix  "s001-A 6ze8-A  U(2,.)  -0.164021  0.251326  0.953904            7.837956"
-matrix  "s001-A 6ze8-A  U(3,.)   0.756416  0.652747 -0.041916          -12.639115"' |
    /usr/sness/DaliLite.v5/bin/applymatrix.pl pdb/pdb6ze8.ent > trans/6ze8-A.pdb
echo '-matrix  "s001-A 6ze8-F  U(1,.)   0.617948  0.273500 -0.737115           39.764271"
-matrix  "s001-A 6ze8-F  U(2,.)   0.173049 -0.961866 -0.211819          -57.080318"
-matrix  "s001-A 6ze8-F  U(3,.)  -0.766939  0.003336 -0.641712           17.262596"' |
    /usr/sness/DaliLite.v5/bin/applymatrix.pl pdb/pdb6ze8.ent > trans/6ze8-F.pdb
echo '-matrix  "s001-A 5z3s-A  U(1,.)   0.978029  0.144368  0.150391          -12.545242"
-matrix  "s001-A 5z3s-A  U(2,.)  -0.141675  0.989502 -0.028527           -0.347035"
-matrix  "s001-A 5z3s-A  U(3,.)  -0.152930  0.006594  0.988215            6.541151"' |
    /usr/sness/DaliLite.v5/bin/applymatrix.pl pdb/pdb5z3s.ent > trans/5z3s-A.pdb
echo '-matrix  "s001-A 1nwr-B  U(1,.)  -0.803650  0.476161  0.356956          -33.777157"
-matrix  "s001-A 1nwr-B  U(2,.)   0.353435  0.864476 -0.357443          -11.876737"
-matrix  "s001-A 1nwr-B  U(3,.)  -0.478780 -0.161098 -0.863028           46.087341"' |
    /usr/sness/DaliLite.v5/bin/applymatrix.pl pdb/pdb1nwr.ent > trans/1nwr-B.pdb
echo '-matrix  "s001-A 2ybt-F  U(1,.)   0.097640  0.135234  0.985991           75.817780"
-matrix  "s001-A 2ybt-F  U(2,.)  -0.261113 -0.952537  0.156503           24.151602"
-matrix  "s001-A 2ybt-F  U(3,.)   0.960357 -0.272736 -0.057694          -25.269804"' |
    /usr/sness/DaliLite.v5/bin/applymatrix.pl pdb/pdb2ybt.ent > trans/2ybt-F.pdb
echo '-matrix  "s001-A 4s19-A  U(1,.)   0.978093  0.144275  0.150060          -12.547020"
-matrix  "s001-A 4s19-A  U(2,.)  -0.141554  0.989514 -0.028713           -0.351089"
-matrix  "s001-A 4s19-A  U(3,.)  -0.152629  0.006842  0.988260            6.537503"' |
    /usr/sness/DaliLite.v5/bin/applymatrix.pl pdb/pdb4s19.ent > trans/4s19-A.pdb
echo '-matrix  "s001-A 1ll6-D  U(1,.)   0.385236  0.362565  0.848610         -101.149757"
-matrix  "s001-A 1ll6-D  U(2,.)  -0.715054  0.698580  0.026142            3.557116"
-matrix  "s001-A 1ll6-D  U(3,.)  -0.583344 -0.616873  0.528372            0.971705"' |
    /usr/sness/DaliLite.v5/bin/applymatrix.pl pdb/pdb1ll6.ent > trans/1ll6-D.pdb
echo '-matrix  "s001-A 5xep-A  U(1,.)   0.238871  0.965460 -0.104052          -72.575317"
-matrix  "s001-A 5xep-A  U(2,.)  -0.505664  0.215153  0.835472          -16.465830"
-matrix  "s001-A 5xep-A  U(3,.)   0.829002 -0.146955  0.539593          -44.186710"' |
    /usr/sness/DaliLite.v5/bin/applymatrix.pl pdb/pdb5xep.ent > trans/5xep-A.pdb
echo '-matrix  "s001-A 5xep-C  U(1,.)   0.674964 -0.639334 -0.368340           56.606598"
-matrix  "s001-A 5xep-C  U(2,.)   0.656392  0.292271  0.695505          -49.932175"
-matrix  "s001-A 5xep-C  U(3,.)  -0.337005 -0.711217  0.616927           32.201870"' |
    /usr/sness/DaliLite.v5/bin/applymatrix.pl pdb/pdb5xep.ent > trans/5xep-C.pdb
echo '-matrix  "s001-A 5xep-D  U(1,.)   0.966166 -0.218406  0.137196            5.236504"
-matrix  "s001-A 5xep-D  U(2,.)  -0.109533 -0.829022 -0.548384          105.978752"
-matrix  "s001-A 5xep-D  U(3,.)   0.233509  0.514802 -0.824895           18.227821"' |
    /usr/sness/DaliLite.v5/bin/applymatrix.pl pdb/pdb5xep.ent > trans/5xep-D.pdb
echo '-matrix  "s001-A 5yar-A  U(1,.)   0.978042  0.144145  0.150520          -12.547659"
-matrix  "s001-A 5yar-A  U(2,.)  -0.141441  0.989534 -0.028577           -0.350953"
-matrix  "s001-A 5yar-A  U(3,.)  -0.153063  0.006660  0.988194            6.542234"' |
    /usr/sness/DaliLite.v5/bin/applymatrix.pl pdb/pdb5yar.ent > trans/5yar-A.pdb
echo '-matrix  "s001-A 5wsm-A  U(1,.)   0.976827  0.150399  0.152281          -12.383808"
-matrix  "s001-A 5wsm-A  U(2,.)  -0.147397  0.988595 -0.030880           -0.224341"
-matrix  "s001-A 5wsm-A  U(3,.)  -0.155189  0.007719  0.987855            6.338974"' |
    /usr/sness/DaliLite.v5/bin/applymatrix.pl pdb/pdb5wsm.ent > trans/5wsm-A.pdb
echo '-matrix  "s001-A 6ze8-D  U(1,.)   0.615133  0.681789  0.395949           27.998112"
-matrix  "s001-A 6ze8-D  U(2,.)   0.188102  0.360792 -0.913481           67.478836"
-matrix  "s001-A 6ze8-D  U(3,.)  -0.765656  0.636391  0.093690            8.862172"' |
    /usr/sness/DaliLite.v5/bin/applymatrix.pl pdb/pdb6ze8.ent > trans/6ze8-D.pdb
echo '-matrix  "s001-A 1nwr-A  U(1,.)   0.427243 -0.839905 -0.334699           -2.407904"
-matrix  "s001-A 1nwr-A  U(2,.)   0.881391  0.304392  0.361241          -43.253990"
-matrix  "s001-A 1nwr-A  U(3,.)  -0.201528 -0.449338  0.870334          -30.707035"' |
    /usr/sness/DaliLite.v5/bin/applymatrix.pl pdb/pdb1nwr.ent > trans/1nwr-A.pdb
echo '-matrix  "s001-A 6ze8-B  U(1,.)  -0.595777  0.416854  0.686500           -4.911309"
-matrix  "s001-A 6ze8-B  U(2,.)  -0.205410 -0.905417  0.371520          -24.797989"
-matrix  "s001-A 6ze8-B  U(3,.)   0.776438  0.080329  0.625053          -10.258233"' |
    /usr/sness/DaliLite.v5/bin/applymatrix.pl pdb/pdb6ze8.ent > trans/6ze8-B.pdb
echo '-matrix  "s001-A 5z4w-A  U(1,.)   0.976827  0.150399  0.152281          -12.383808"
-matrix  "s001-A 5z4w-A  U(2,.)  -0.147397  0.988595 -0.030880           -0.224341"
-matrix  "s001-A 5z4w-A  U(3,.)  -0.155189  0.007719  0.987855            6.338974"' |
    /usr/sness/DaliLite.v5/bin/applymatrix.pl pdb/pdb5z4w.ent > trans/5z4w-A.pdb
echo '-matrix  "s001-A 1nws-B  U(1,.)  -0.810736  0.472780  0.345233          -33.319874"
-matrix  "s001-A 1nws-B  U(2,.)   0.350579  0.864390 -0.360451          -11.869414"
-matrix  "s001-A 1nws-B  U(3,.)  -0.468830 -0.171199 -0.866538           46.972137"' |
    /usr/sness/DaliLite.v5/bin/applymatrix.pl pdb/pdb1nws.ent > trans/1nws-B.pdb
echo '-matrix  "s001-A 1nwr-D  U(1,.)  -0.401740  0.852452 -0.334561          -30.466778"
-matrix  "s001-A 1nwr-D  U(2,.)  -0.892074 -0.281756  0.353294           30.890347"
-matrix  "s001-A 1nwr-D  U(3,.)   0.206902  0.440386  0.873643          -73.951958"' |
    /usr/sness/DaliLite.v5/bin/applymatrix.pl pdb/pdb1nwr.ent > trans/1nwr-D.pdb
echo '-matrix  "s001-A 1nwr-C  U(1,.)  -0.510916 -0.779386  0.362659           37.463139"
-matrix  "s001-A 1nwr-C  U(2,.)  -0.848898  0.390985 -0.355673           27.850849"
-matrix  "s001-A 1nwr-C  U(3,.)   0.135413 -0.489579 -0.861380           93.036125"' |
    /usr/sness/DaliLite.v5/bin/applymatrix.pl pdb/pdb1nwr.ent > trans/1nwr-C.pdb
echo '-matrix  "s001-A 2fdm-A  U(1,.)  -0.975752  0.155808 -0.153724           12.747326"
-matrix  "s001-A 2fdm-A  U(2,.)   0.151125  0.987632  0.041766          -37.753441"
-matrix  "s001-A 2fdm-A  U(3,.)   0.158330  0.017521 -0.987231            0.715172"' |
    /usr/sness/DaliLite.v5/bin/applymatrix.pl pdb/pdb2fdm.ent > trans/2fdm-A.pdb
echo '-matrix  "s001-A 1itx-A  U(1,.)  -0.194521 -0.944325 -0.265354           24.471321"
-matrix  "s001-A 1itx-A  U(2,.)   0.369986 -0.321175  0.871755          -25.999151"
-matrix  "s001-A 1itx-A  U(3,.)  -0.908445  0.071398  0.411863           -8.835706"' |
    /usr/sness/DaliLite.v5/bin/applymatrix.pl pdb/pdb1itx.ent > trans/1itx-A.pdb
echo '-matrix  "s001-A 1hjx-B  U(1,.)   0.339654 -0.822478  0.456251           53.889061"
-matrix  "s001-A 1hjx-B  U(2,.)  -0.354890  0.337162  0.871995          -53.928909"
-matrix  "s001-A 1hjx-B  U(3,.)  -0.871027 -0.458096 -0.177371           63.429375"' |
    /usr/sness/DaliLite.v5/bin/applymatrix.pl pdb/pdb1hjx.ent > trans/1hjx-B.pdb
echo '-matrix  "s001-A 4q7n-A  U(1,.)   0.976412  0.143299  0.161510          -12.393292"
-matrix  "s001-A 4q7n-A  U(2,.)  -0.140690  0.989671 -0.027537           -0.408005"
-matrix  "s001-A 4q7n-A  U(3,.)  -0.163788  0.004164  0.986487            6.526718"' |
    /usr/sness/DaliLite.v5/bin/applymatrix.pl pdb/pdb4q7n.ent > trans/4q7n-A.pdb
echo '-matrix  "s001-A 1ll6-C  U(1,.)  -0.489626 -0.295889  0.820192          -22.110157"
-matrix  "s001-A 1ll6-C  U(2,.)   0.690079 -0.706481  0.157086           -3.104268"
-matrix  "s001-A 1ll6-C  U(3,.)   0.532970  0.642911  0.550099         -120.803284"' |
    /usr/sness/DaliLite.v5/bin/applymatrix.pl pdb/pdb1ll6.ent > trans/1ll6-C.pdb
echo '-matrix  "s001-A 1ll6-B  U(1,.)   0.359254 -0.358611 -0.861588           40.282867"
-matrix  "s001-A 1ll6-B  U(2,.)  -0.717290 -0.696716 -0.009098           82.745605"
-matrix  "s001-A 1ll6-B  U(3,.)  -0.597020  0.621277 -0.507526           27.008104"' |
    /usr/sness/DaliLite.v5/bin/applymatrix.pl pdb/pdb1ll6.ent > trans/1ll6-B.pdb
echo '-matrix  "s001-A 2ybt-D  U(1,.)  -0.982393 -0.133295 -0.130907           25.010736"
-matrix  "s001-A 2ybt-D  U(2,.)  -0.163585  0.952172  0.258087           63.025234"
-matrix  "s001-A 2ybt-D  U(3,.)   0.090245  0.274957 -0.957212          -50.825974"' |
    /usr/sness/DaliLite.v5/bin/applymatrix.pl pdb/pdb2ybt.ent > trans/2ybt-D.pdb
echo '-matrix  "s001-A 7cj2-B  U(1,.)   0.699415  0.361719 -0.616424            9.015116"
-matrix  "s001-A 7cj2-B  U(2,.)   0.590831 -0.777928  0.213887         -126.926224"
-matrix  "s001-A 7cj2-B  U(3,.)  -0.402166 -0.513798 -0.757809           -1.402186"' |
    /usr/sness/DaliLite.v5/bin/applymatrix.pl pdb/pdb7cj2.ent > trans/7cj2-B.pdb
echo '-matrix  "s001-A 6ze8-C  U(1,.)   0.616866 -0.714826 -0.329395            7.074216"
-matrix  "s001-A 6ze8-C  U(2,.)   0.212816 -0.251434  0.944188          -43.941914"
-matrix  "s001-A 6ze8-C  U(3,.)  -0.757751 -0.652537 -0.002975           20.454163"' |
    /usr/sness/DaliLite.v5/bin/applymatrix.pl pdb/pdb6ze8.ent > trans/6ze8-C.pdb
echo '-matrix  "s001-A 1xrv-A  U(1,.)  -0.974795 -0.152780  0.162584            9.195647"
-matrix  "s001-A 1xrv-A  U(2,.)   0.148354 -0.988161 -0.039096           -2.814833"
-matrix  "s001-A 1xrv-A  U(3,.)   0.166632 -0.013991  0.985920          -51.835197"' |
    /usr/sness/DaliLite.v5/bin/applymatrix.pl pdb/pdb1xrv.ent > trans/1xrv-A.pdb
echo '-matrix  "s001-A 6ze8-E  U(1,.)  -0.641271 -0.324934 -0.695118           74.283188"
-matrix  "s001-A 6ze8-E  U(2,.)  -0.193856  0.945130 -0.262962           51.176392"
-matrix  "s001-A 6ze8-E  U(3,.)   0.742422 -0.033877 -0.669075           17.291815"' |
    /usr/sness/DaliLite.v5/bin/applymatrix.pl pdb/pdb6ze8.ent > trans/6ze8-E.pdb
echo '-matrix  "s001-A 1lq0-A  U(1,.)  -0.675342 -0.358712  0.644391           46.143791"
-matrix  "s001-A 1lq0-A  U(2,.)  -0.286503  0.932725  0.218954          -26.414614"
-matrix  "s001-A 1lq0-A  U(3,.)  -0.679581 -0.036751 -0.732680           76.901688"' |
    /usr/sness/DaliLite.v5/bin/applymatrix.pl pdb/pdb1lq0.ent > trans/1lq0-A.pdb
echo '-matrix  "s001-A 1lg1-A  U(1,.)  -0.689046 -0.333047  0.643657           47.237850"
-matrix  "s001-A 1lg1-A  U(2,.)  -0.268034  0.942287  0.200632          -28.100300"
-matrix  "s001-A 1lg1-A  U(3,.)  -0.673330 -0.034277 -0.738547           75.740913"' |
    /usr/sness/DaliLite.v5/bin/applymatrix.pl pdb/pdb1lg1.ent > trans/1lg1-A.pdb
echo '-matrix  "s001-A 1nws-D  U(1,.)  -0.394019  0.857513 -0.330787          -31.574591"
-matrix  "s001-A 1nws-D  U(2,.)  -0.894750 -0.275577  0.351397           30.826666"
-matrix  "s001-A 1nws-D  U(3,.)   0.210171  0.434429  0.875842          -73.588036"' |
    /usr/sness/DaliLite.v5/bin/applymatrix.pl pdb/pdb1nws.ent > trans/1nws-D.pdb
echo '-matrix  "s001-A 1nws-C  U(1,.)  -0.495984 -0.791839  0.356358           38.381165"
-matrix  "s001-A 1nws-C  U(2,.)  -0.855543  0.375457 -0.356480           29.178272"
-matrix  "s001-A 1nws-C  U(3,.)   0.148478 -0.481688 -0.863673           92.866356"' |
    /usr/sness/DaliLite.v5/bin/applymatrix.pl pdb/pdb1nws.ent > trans/1nws-C.pdb
echo '-matrix  "s001-A 4s06-A  U(1,.)  -0.976122 -0.132561  0.172084            8.329191"
-matrix  "s001-A 4s06-A  U(2,.)   0.129359 -0.991152 -0.029739           -2.995873"
-matrix  "s001-A 4s06-A  U(3,.)   0.174503 -0.006769  0.984633          -50.671234"' |
    /usr/sness/DaliLite.v5/bin/applymatrix.pl pdb/pdb4s06.ent > trans/4s06-A.pdb
echo '-matrix  "s001-A 1ll4-D  U(1,.)   0.387467  0.360782  0.848355         -101.060471"
-matrix  "s001-A 1ll4-D  U(2,.)  -0.712872  0.700751  0.027578            3.232517"
-matrix  "s001-A 1ll4-D  U(3,.)  -0.584536 -0.615454  0.528709            0.786752"' |
    /usr/sness/DaliLite.v5/bin/applymatrix.pl pdb/pdb1ll4.ent > trans/1ll4-D.pdb
echo '-matrix  "s001-A 5wsi-A  U(1,.)  -0.976271 -0.131666  0.171927            8.330166"
-matrix  "s001-A 5wsi-A  U(2,.)   0.128550 -0.991274 -0.029182           -3.014787"
-matrix  "s001-A 5wsi-A  U(3,.)   0.174269 -0.006388  0.984677          -50.682999"' |
    /usr/sness/DaliLite.v5/bin/applymatrix.pl pdb/pdb5wsi.ent > trans/5wsi-A.pdb
echo '-matrix  "s001-A 6igy-A  U(1,.)   0.400654  0.363212 -0.841162            4.746208"
-matrix  "s001-A 6igy-A  U(2,.)   0.857778 -0.471356  0.205038          -22.449745"
-matrix  "s001-A 6igy-A  U(3,.)  -0.322014 -0.803680 -0.500406           70.744057"' |
    /usr/sness/DaliLite.v5/bin/applymatrix.pl pdb/pdb6igy.ent > trans/6igy-A.pdb
echo '-matrix  "s001-A 2dsv-A  U(1,.)  -0.974112  0.147618 -0.171214           13.136946"
-matrix  "s001-A 2dsv-A  U(2,.)   0.143025  0.988953  0.038925          -37.692097"
-matrix  "s001-A 2dsv-A  U(3,.)   0.175068  0.013429 -0.984465            0.603024"' |
    /usr/sness/DaliLite.v5/bin/applymatrix.pl pdb/pdb2dsv.ent > trans/2dsv-A.pdb
echo '-matrix  "s001-A 6jm8-A  U(1,.)   0.907724 -0.329261 -0.260046           22.575491"
-matrix  "s001-A 6jm8-A  U(2,.)  -0.316453 -0.130322 -0.939614          -25.579613"
-matrix  "s001-A 6jm8-A  U(3,.)   0.275488  0.935202 -0.222492          -18.026619"' |
    /usr/sness/DaliLite.v5/bin/applymatrix.pl pdb/pdb6jm8.ent > trans/6jm8-A.pdb
echo '-matrix  "s001-A 2g8z-A  U(1,.)  -0.973951  0.155757 -0.164798           12.951591"
-matrix  "s001-A 2g8z-A  U(2,.)   0.150553  0.987636  0.043689          -37.650208"
-matrix  "s001-A 2g8z-A  U(3,.)   0.169565  0.017740 -0.985359            0.508377"' |
    /usr/sness/DaliLite.v5/bin/applymatrix.pl pdb/pdb2g8z.ent > trans/2g8z-A.pdb
echo '-matrix  "s001-A 6inx-A  U(1,.)   0.844388  0.320749 -0.429102          -31.254208"
-matrix  "s001-A 6inx-A  U(2,.)  -0.261801 -0.451762 -0.852861           28.127628"
-matrix  "s001-A 6inx-A  U(3,.)  -0.467406  0.832485 -0.297490          -36.553951"' |
    /usr/sness/DaliLite.v5/bin/applymatrix.pl pdb/pdb6inx.ent > trans/6inx-A.pdb
echo '-matrix  "s001-A 1d2k-A  U(1,.)   0.195584  0.962754  0.186687          -35.712967"
-matrix  "s001-A 1d2k-A  U(2,.)  -0.957734  0.228458 -0.174792           63.413250"
-matrix  "s001-A 1d2k-A  U(3,.)  -0.210932 -0.144610  0.966745          -31.267073"' |
    /usr/sness/DaliLite.v5/bin/applymatrix.pl pdb/pdb1d2k.ent > trans/1d2k-A.pdb
echo '-matrix  "s001-A 3chf-B  U(1,.)   0.219032 -0.861196 -0.458658           -3.230576"
-matrix  "s001-A 3chf-B  U(2,.)   0.513362  0.501464 -0.696415          -41.781303"
-matrix  "s001-A 3chf-B  U(3,.)   0.829750 -0.082920  0.551942          -68.495239"' |
    /usr/sness/DaliLite.v5/bin/applymatrix.pl pdb/pdb3chf.ent > trans/3chf-B.pdb
echo '-matrix  "s001-A 1e9l-A  U(1,.)   0.905795  0.388764  0.168516          -35.382519"
-matrix  "s001-A 1e9l-A  U(2,.)  -0.110388  0.600490 -0.791976            5.281662"
-matrix  "s001-A 1e9l-A  U(3,.)  -0.409084  0.698766  0.586836           -1.719374"' |
    /usr/sness/DaliLite.v5/bin/applymatrix.pl pdb/pdb1e9l.ent > trans/1e9l-A.pdb
echo '-matrix  "s001-A 3wqv-A  U(1,.)  -0.370842  0.175178 -0.912024           -5.807960"
-matrix  "s001-A 3wqv-A  U(2,.)   0.928505  0.050027 -0.367934           33.540630"
-matrix  "s001-A 3wqv-A  U(3,.)  -0.018829 -0.983265 -0.181206           14.466587"' |
    /usr/sness/DaliLite.v5/bin/applymatrix.pl pdb/pdb3wqv.ent > trans/3wqv-A.pdb
echo '-matrix  "s001-A 1guv-A  U(1,.)   0.375024  0.670245 -0.640413          -36.208351"
-matrix  "s001-A 1guv-A  U(2,.)  -0.926148  0.300760 -0.227579          -13.665971"
-matrix  "s001-A 1guv-A  U(3,.)   0.040077  0.678465  0.733539          -52.575615"' |
    /usr/sness/DaliLite.v5/bin/applymatrix.pl pdb/pdb1guv.ent > trans/1guv-A.pdb
echo '-matrix  "s001-A 3ch9-B  U(1,.)   0.227967 -0.859329 -0.457803           -3.965898"
-matrix  "s001-A 3ch9-B  U(2,.)   0.510045  0.505905 -0.695639          -41.741364"
-matrix  "s001-A 3ch9-B  U(3,.)   0.829388 -0.074917  0.553626          -68.845116"' |
    /usr/sness/DaliLite.v5/bin/applymatrix.pl pdb/pdb3ch9.ent > trans/3ch9-B.pdb
echo '-matrix  "s001-A 1w9p-B  U(1,.)   0.224972 -0.856365 -0.464786           -3.618670"
-matrix  "s001-A 1w9p-B  U(2,.)   0.510049  0.509941 -0.692683          -41.721802"
-matrix  "s001-A 1w9p-B  U(3,.)   0.830203 -0.081230  0.551511          -68.442108"' |
    /usr/sness/DaliLite.v5/bin/applymatrix.pl pdb/pdb1w9p.ent > trans/1w9p-B.pdb
echo '-matrix  "s001-A 1w9v-B  U(1,.)   0.232740 -0.857819 -0.458233           -4.423292"
-matrix  "s001-A 1w9v-B  U(2,.)   0.507849  0.509028 -0.694967          -41.431339"
-matrix  "s001-A 1w9v-B  U(3,.)   0.829410 -0.070967  0.554114          -68.564560"' |
    /usr/sness/DaliLite.v5/bin/applymatrix.pl pdb/pdb1w9v.ent > trans/1w9v-B.pdb
echo '-matrix  "s001-A 3wkz-A  U(1,.)  -0.370846  0.169247 -0.913142           -6.348986"
-matrix  "s001-A 3wkz-A  U(2,.)   0.928514  0.048175 -0.368159           33.283939"
-matrix  "s001-A 3wkz-A  U(3,.)  -0.018319 -0.984396 -0.175013           14.280046"' |
    /usr/sness/DaliLite.v5/bin/applymatrix.pl pdb/pdb3wkz.ent > trans/3wkz-A.pdb
echo '-matrix  "s001-A 3wqw-A  U(1,.)  -0.371020  0.174867 -0.912012           -6.080137"
-matrix  "s001-A 3wqw-A  U(2,.)   0.928415  0.048990 -0.368300           33.423355"
-matrix  "s001-A 3wqw-A  U(3,.)  -0.019724 -0.983373 -0.180525           14.334104"' |
    /usr/sness/DaliLite.v5/bin/applymatrix.pl pdb/pdb3wqw.ent > trans/3wqw-A.pdb
echo '-matrix  "s001-A 3wl0-A  U(1,.)  -0.369763  0.174591 -0.912575           -6.123167"
-matrix  "s001-A 3wl0-A  U(2,.)   0.928949  0.050288 -0.366777           33.243839"
-matrix  "s001-A 3wl0-A  U(3,.)  -0.018145 -0.983356 -0.180781           14.320231"' |
    /usr/sness/DaliLite.v5/bin/applymatrix.pl pdb/pdb3wl0.ent > trans/3wl0-A.pdb
echo '-matrix  "s001-A 1hjv-B  U(1,.)   0.344544 -0.824178  0.449466           53.758240"
-matrix  "s001-A 1hjv-B  U(2,.)  -0.348987  0.332020  0.876339          -54.046906"
-matrix  "s001-A 1hjv-B  U(3,.)  -0.871491 -0.458795 -0.173232           62.923187"' |
    /usr/sness/DaliLite.v5/bin/applymatrix.pl pdb/pdb1hjv.ent > trans/1hjv-B.pdb
echo '-matrix  "s001-A 3wl1-A  U(1,.)  -0.369434  0.171142 -0.913361           13.273537"
-matrix  "s001-A 3wl1-A  U(2,.)   0.929072  0.048398 -0.366720           41.026535"
-matrix  "s001-A 3wl1-A  U(3,.)  -0.018557 -0.984057 -0.176883           18.013325"' |
    /usr/sness/DaliLite.v5/bin/applymatrix.pl pdb/pdb3wl1.ent > trans/3wl1-A.pdb
echo '-matrix  "s001-A 2dsu-A  U(1,.)  -0.974521  0.156764 -0.160415           12.825807"
-matrix  "s001-A 2dsu-A  U(2,.)   0.151823  0.987486  0.042683          -37.749264"
-matrix  "s001-A 2dsu-A  U(3,.)   0.165099  0.017241 -0.986126            0.591141"' |
    /usr/sness/DaliLite.v5/bin/applymatrix.pl pdb/pdb2dsu.ent > trans/2dsu-A.pdb
echo '-matrix  "s001-A 2dsw-A  U(1,.)  -0.974443  0.154231 -0.163320           12.890655"
-matrix  "s001-A 2dsw-A  U(2,.)   0.149440  0.987908  0.041300          -37.719349"
-matrix  "s001-A 2dsw-A  U(3,.)   0.167715  0.015838 -0.985708            0.608995"' |
